Edge	Weight
17 - 1	2
19 - 2	2
22 - 3	2
26 - 4	2
29 - 5	2
17 - 6	2
6 - 7	2
18 - 8	2
20 - 9	2
9 - 10	2
21 - 11	2
23 - 12	2
25 - 13	2
27 - 14	2
28 - 15	2
15 - 16	2
30 - 17	2
7 - 18	2
8 - 19	2
2 - 20	2
10 - 21	2
11 - 22	2
3 - 23	2
12 - 24	2
24 - 25	2
13 - 26	2
4 - 27	2
14 - 28	2
16 - 29	2
35 - 30	2
19 - 31	2
22 - 32	2
26 - 33	2
29 - 34	2
46 - 35	2
46 - 36	2
8 - 37	2
9 - 38	2
11 - 39	2
39 - 40	2
12 - 41	2
13 - 42	2
14 - 43	2
16 - 44	2
34 - 45	2
58 - 46	2
7 - 47	2
18 - 48	2
37 - 49	2
10 - 50	2
21 - 51	2
24 - 52	2
25 - 53	2
42 - 54	2
28 - 55	2
15 - 56	2
44 - 57	2
76 - 58	1
46 - 59	2
47 - 60	2
48 - 61	2
48 - 62	2
49 - 63	2
50 - 64	2
51 - 65	2
40 - 66	2
40 - 67	2
52 - 68	2
53 - 69	2
53 - 70	2
54 - 71	2
55 - 72	2
56 - 73	2
56 - 74	2
57 - 75	2
86 - 76	2
59 - 77	2
61 - 78	2
63 - 79	2
65 - 80	2
67 - 81	2
69 - 82	2
71 - 83	2
73 - 84	2
75 - 85	1
97 - 86	1
86 - 87	2
77 - 88	3
78 - 89	4
78 - 90	4
80 - 91	4
82 - 92	4
83 - 93	4
84 - 94	3
96 - 95	2
85 - 96	2
101 - 97	3
96 - 98	1
87 - 99	4
95 - 100	4
0 - 101	4
99 - 102	1
0 - 103	6
0 - 104	7
0 - 105	6
100 - 106	1
111 - 107	1
101 - 108	1
103 - 109	1
105 - 110	1
117 - 111	2
108 - 112	2
118 - 113	2
124 - 114	4
129 - 115	4
121 - 116	2
121 - 117	1
112 - 118	1
125 - 119	2
126 - 120	4
131 - 121	2
118 - 122	2
143 - 123	2
146 - 124	2
133 - 125	2
135 - 126	2
138 - 127	2
140 - 128	2
153 - 129	2
156 - 130	2
141 - 131	1
122 - 132	1
147 - 133	2
125 - 134	2
134 - 135	2
126 - 136	2
136 - 137	2
137 - 138	2
127 - 139	2
151 - 140	2
157 - 141	2
132 - 142	2
142 - 143	2
143 - 144	2
160 - 145	2
145 - 146	2
146 - 147	2
133 - 148	2
135 - 149	2
138 - 150	2
179 - 151	2
140 - 152	2
152 - 153	2
153 - 154	2
169 - 155	2
155 - 156	2
156 - 157	2
142 - 158	2
144 - 159	2
159 - 160	2
145 - 161	2
147 - 162	2
148 - 163	2
149 - 164	2
150 - 165	2
151 - 166	2
152 - 167	2
154 - 168	2
168 - 169	2
155 - 170	2
158 - 171	2
160 - 172	2
161 - 173	2
164 - 174	2
137 - 175	2
175 - 176	2
137 - 177	2
165 - 178	2
165 - 179	2
166 - 180	2
167 - 181	2
169 - 182	2
196 - 183	2
171 - 184	2
172 - 185	2
173 - 186	2
162 - 187	2
174 - 188	2
188 - 189	2
176 - 190	2
179 - 191	2
180 - 192	2
180 - 193	2
182 - 194	2
199 - 195	2
184 - 196	2
185 - 197	2
192 - 198	2
194 - 199	2
204 - 200	2
207 - 201	2
213 - 202	2
196 - 203	2
203 - 204	2
200 - 205	2
185 - 206	2
206 - 207	2
189 - 208	2
188 - 209	2
211 - 210	2
193 - 211	2
202 - 212	2
214 - 213	2
199 - 214	2
184 - 215	2
205 - 216	2
186 - 217	2
201 - 218	2
208 - 219	2
209 - 220	2
220 - 221	2
210 - 222	2
192 - 223	2
212 - 224	2
194 - 225	2
204 - 226	2
216 - 227	2
206 - 228	2
207 - 229	2
219 - 230	2
208 - 231	2
220 - 232	2
210 - 233	2
211 - 234	2
224 - 235	2
213 - 236	2
226 - 237	2
200 - 238	2
205 - 239	2
227 - 240	2
201 - 241	2
218 - 242	2
230 - 243	2
221 - 244	2
222 - 245	2
233 - 246	2
212 - 247	2
202 - 248	2
236 - 249	2
237 - 250	2
239 - 251	2
241 - 252	2
246 - 253	2
248 - 254	2
237 - 255	2
250 - 256	2
251 - 257	2
240 - 258	2
252 - 259	2
242 - 260	2
260 - 261	2
242 - 262	2
243 - 263	2
263 - 264	2
244 - 265	2
267 - 266	2
245 - 267	2
253 - 268	2
254 - 269	2
249 - 270	2
255 - 271	1
270 - 272	1
271 - 273	2
273 - 274	2
259 - 275	2
261 - 276	4
278 - 277	2
272 - 278	2
273 - 279	1
257 - 280	4
268 - 281	4
278 - 282	1
279 - 283	2
294 - 284	1
280 - 285	6
0 - 286	7
281 - 287	6
295 - 288	1
282 - 289	2
283 - 290	1
285 - 291	1
287 - 292	1
289 - 293	1
297 - 294	4
300 - 295	4
302 - 296	1
302 - 297	2
314 - 298	4
319 - 299	4
308 - 300	2
308 - 301	1
309 - 302	2
310 - 303	3
314 - 304	4
316 - 305	4
318 - 306	4
311 - 307	3
312 - 308	2
313 - 309	1
322 - 310	2
339 - 311	2
320 - 312	1
321 - 313	2
324 - 314	2
327 - 315	2
329 - 316	2
332 - 317	2
334 - 318	2
337 - 319	2
341 - 320	2
350 - 321	2
321 - 322	2
310 - 323	2
323 - 324	2
314 - 325	2
325 - 326	2
326 - 327	2
315 - 328	2
328 - 329	2
316 - 330	2
330 - 331	2
331 - 332	2
317 - 333	2
333 - 334	2
318 - 335	2
335 - 336	2
336 - 337	2
319 - 338	2
338 - 339	2
311 - 340	2
340 - 341	2
322 - 342	2
324 - 343	2
327 - 344	2
329 - 345	2
332 - 346	2
334 - 347	2
337 - 348	2
339 - 349	2
368 - 350	2
368 - 351	2
342 - 352	2
343 - 353	2
326 - 354	2
326 - 355	2
344 - 356	2
345 - 357	2
331 - 358	2
331 - 359	2
346 - 360	2
347 - 361	2
336 - 362	2
336 - 363	2
348 - 364	2
349 - 365	2
341 - 366	2
341 - 367	2
381 - 368	2
381 - 369	2
353 - 370	2
354 - 371	2
355 - 372	2
357 - 373	2
358 - 374	2
359 - 375	2
361 - 376	2
362 - 377	2
363 - 378	2
365 - 379	2
366 - 380	2
5 - 381	2
26 - 382	2
4 - 383	2
22 - 384	2
3 - 385	2
19 - 386	2
2 - 387	2
1 - 388	2
