1, 53
2, 99
3, 261
4, 94
5, 100
6, 106
7, 104
8, 124
9, 120
10, 136
11, 131
12, 131
13, 133
14, 142
15, 147
16, 180
17, 165
18, 161
19, 165
20, 173
21, 178
22, 181
23, 200
24, 215
25, 219
26, 225
27, 248
28, 224
29, 222
30, 236
31, 254
32, 347
33, 262
34, 252
35, 265
36, 272
37, 281
38, 304
39, 315
40, 322
41, 301
42, 306
43, 352
44, 316
45, 322
46, 338
47, 360
48, 530
49, 375
50, 356
51, 395
52, 388
53, 373
54, 378
55, 383
56, 413
57, 437
58, 411
59, 407
60, 454
61, 419
62, 432
63, 471
64, 582
65, 451
66, 638
67, 474
68, 456
69, 467
70, 489
71, 515
72, 493
73, 528
74, 511
75, 509
76, 556
77, 603
78, 524
79, 632
80, 527
81, 534
82, 561
83, 854
84, 554
85, 601
86, 561
87, 611
88, 654
89, 596
90, 628
91, 591
92, 598
93, 670
94, 668
95, 682
96, 623
97, 649
98, 710
99, 660
100, 787
101, 656
102, 681
103, 795
104, 733
105, 678
106, 784
107, 769
108, 790
109, 733
110, 700
111, 745
112, 880
113, 792
114, 725
115, 1354
116, 789
117, 805
118, 747
119, 780
120, 818
121, 838
122, 772
123, 851
124, 827
125, 837
126, 810
127, 840
128, 857
129, 874
130, 904
131, 918
132, 1016
133, 859
134, 882
135, 904
136, 920
137, 881
138, 1001
139, 915
140, 885
141, 912
142, 940
143, 961
144, 914
145, 1004
146, 959
147, 918
148, 983
149, 1018
150, 973
151, 1038
152, 1014
153, 981
154, 988
155, 1033
156, 1071
157, 1052
158, 1052
159, 1049
160, 1044
161, 1081
162, 1164
163, 1092
164, 1101
165, 1063
166, 1052
167, 1100
168, 1121
169, 1153
170, 1153
171, 1076
172, 1127
173, 1189
174, 1151
175, 1201
176, 1187
177, 1106
178, 1197
179, 1197
180, 1198
181, 1211
182, 1140
183, 1189
184, 1256
185, 1186
186, 1277
187, 1216
188, 1247
189, 1313
190, 1375
191, 1313
192, 1236
193, 1221
194, 1266
195, 1310
196, 1368
197, 1259
198, 1416
199, 1359
200, 1313
201, 1381
202, 1293
203, 1304
204, 1390
205, 1300
206, 1406
207, 1308
208, 1378
209, 1375
210, 1558
211, 1404
212, 1364
213, 1418
214, 1413
215, 1473
216, 1379
217, 1390
218, 1463
219, 1421
220, 1515
221, 1374
222, 1493
223, 1477
224, 1545
225, 1448
226, 1484
227, 1488
228, 1554
229, 1612
230, 1539
231, 1584
232, 1659
233, 1603
234, 1479
235, 1631
236, 1688
237, 1645
238, 1755
239, 1587
240, 1616
241, 1789
242, 1579
243, 1618
244, 1636
245, 1724
246, 1589
247, 1643
248, 1954
249, 1888
250, 1654
251, 1695
252, 1698
253, 1767
254, 1684
255, 1703
256, 1815
257, 1779
258, 1659
259, 1989
260, 1738
261, 1850
262, 1728
263, 2512
264, 2041
265, 1811
266, 1808
267, 1821
268, 1871
269, 1801
270, 1839
271, 1964
272, 1880
273, 1820
274, 1903
275, 1910
276, 2099
277, 1879
278, 1879
279, 1963
280, 1871
281, 1959
282, 1990
283, 2134
284, 1988
285, 1946
286, 1976
287, 1896
288, 16590
289, 2035
290, 1947
291, 1984
292, 2000
293, 2089
294, 1960
295, 2065
296, 2241
297, 1982
298, 2023
299, 2082
300, 2079
301, 2052
302, 2052
303, 2180
304, 2099
305, 2090
306, 2120
307, 2088
308, 2235
309, 2158
310, 2090
311, 2150
312, 2353
313, 2312
314, 2303
315, 2181
316, 2340
317, 2219
318, 2225
319, 2281
320, 2319
321, 2269
322, 2341
323, 2430
324, 2310
325, 2494
326, 2255
327, 2329
328, 2486
329, 2289
330, 2363
331, 2359
332, 2310
333, 2402
334, 2389
335, 2343
336, 2409
337, 2456
338, 2365
339, 2435
340, 2484
341, 2431
342, 2615
343, 2487
344, 2612
345, 2492
346, 2499
347, 2439
348, 2464
349, 2553
350, 2475
351, 2521
352, 2531
353, 2596
354, 2599
355, 2618
356, 2623
357, 2592
358, 2590
359, 2614
360, 2651
361, 2681
362, 2608
363, 2695
364, 2612
365, 2810
366, 2595
367, 2711
368, 2764
369, 3001
370, 2728
371, 2808
372, 2693
373, 2902
374, 2780
375, 2821
376, 2796
377, 2759
378, 2860
379, 2831
380, 2799
381, 2994
382, 2814
383, 3027
384, 2850
385, 2861
386, 3069
387, 3114
388, 3105
389, 2924
390, 3054
391, 3062
392, 3109
393, 3008
394, 3279
395, 2992
396, 3169
397, 3595
398, 2984
399, 3086
400, 2977
401, 3122
402, 3295
403, 3158
404, 3186
405, 3095
406, 3137
407, 3212
408, 3208
409, 3476
410, 3236
411, 3216
412, 3296
413, 3551
414, 3381
415, 3247
416, 3291
417, 3300
418, 3413
419, 3340
420, 3337
421, 3486
422, 3379
423, 3382
424, 3487
425, 3440
426, 3404
427, 3433
428, 3520
429, 3466
430, 3412
431, 3459
432, 3539
433, 3617
434, 3458
435, 3986
436, 3446
437, 3524
438, 18309
439, 3679
440, 3613
441, 4211
442, 3703
443, 3521
444, 3729
445, 3595
446, 3723
447, 3768
448, 3707
449, 3921
450, 3655
451, 3777
452, 3677
453, 3843
454, 3753
455, 4155
456, 3777
457, 4203
458, 3793
459, 3785
460, 3840
461, 3979
462, 3913
463, 3940
464, 4154
465, 3764
466, 3932
467, 3871
468, 4006
469, 3831
470, 4124
471, 4041
472, 4043
473, 3967
474, 3994
475, 4014
476, 4010
477, 3978
478, 3932
479, 4160
480, 4017
481, 4098
482, 4308
483, 4139
484, 4035
485, 4208
486, 4017
487, 4215
488, 4170
489, 4355
490, 4086
491, 4395
492, 4164
493, 4264
494, 4348
495, 4225
496, 4227
497, 4284
498, 4271
499, 4282
500, 4246
501, 4340
502, 4469
503, 4538
504, 4398
505, 4379
506, 4495
507, 4459
508, 4338
509, 4619
510, 4357
511, 4744
512, 4531
513, 4462
514, 4544
515, 4528
516, 4414
517, 4546
518, 4458
519, 4554
520, 4465
521, 4658
522, 4806
523, 4663
524, 4567
525, 4660
526, 4578
527, 4671
528, 4595
529, 4552
530, 4633
531, 4751
532, 21933
533, 4579
534, 4735
535, 4759
536, 4960
537, 4766
538, 4733
539, 4699
540, 4683
541, 4738
542, 4746
543, 4815
544, 4692
545, 4849
546, 4707
547, 4975
548, 4803
549, 5221
550, 4915
551, 4929
552, 5141
553, 5239
554, 5060
555, 5033
556, 5280
557, 5106
558, 5144
559, 5157
560, 5068
561, 5134
562, 5011
563, 5241
564, 5261
565, 5083
566, 5187
567, 5213
568, 5295
569, 5297
570, 5472
571, 5241
572, 5551
573, 5189
574, 5209
575, 5219
576, 5178
577, 5371
578, 5269
579, 5405
580, 5372
581, 5336
582, 5339
583, 5583
584, 5459
585, 5298
586, 5461
587, 5383
588, 5621
589, 5549
590, 5575
591, 5698
592, 5549
593, 5571
594, 5472
595, 5523
596, 5688
597, 5751
598, 5654
599, 5758
600, 5572
601, 5724
602, 5479
603, 5559
604, 5597
605, 5782
606, 5715
607, 5521
608, 5783
609, 5627
610, 6205
611, 5712
612, 5732
613, 5997
614, 6039
615, 5880
616, 5836
617, 5739
618, 5945
619, 5776
620, 5935
621, 5857
622, 5778
623, 5890
624, 5881
625, 5863
626, 5891
627, 5951
628, 21864
629, 6150
630, 5820
631, 5966
632, 6047
633, 5895
634, 6072
635, 6097
636, 5988
637, 5995
638, 6015
639, 6095
640, 6097
641, 6056
642, 6216
643, 6085
644, 6022
645, 6966
646, 6222
647, 6135
648, 6250
649, 6124
650, 6211
651, 6238
652, 6445
653, 9160
654, 6271
655, 6163
656, 6376
657, 6329
658, 6132
659, 6347
660, 6225
661, 6160
662, 6267
663, 6411
664, 6203
665, 7037
666, 6352
667, 6288
668, 6495
669, 6543
670, 6427
671, 6599
672, 6498
673, 6446
674, 6508
675, 6405
676, 6434
677, 6445
678, 6525
679, 6435
680, 6764
681, 6496
682, 6471
683, 6694
684, 6663
685, 6574
686, 6699
687, 6610
688, 6523
689, 6667
690, 6803
691, 6857
692, 6554
693, 6762
694, 6741
695, 6700
696, 6753
697, 6868
698, 8056
699, 6731
700, 6791
701, 7045
702, 6751
703, 6797
704, 6771
705, 6984
706, 7016
707, 6769
708, 6743
709, 6970
710, 6814
711, 7037
712, 7048
713, 6877
714, 6857
715, 7017
716, 6986
717, 7161
718, 6922
719, 6958
720, 6931
721, 7047
722, 6867
723, 7106
724, 7048
725, 6981
726, 6975
727, 7120
728, 7082
729, 7298
730, 7313
731, 7227
732, 7122
733, 7014
734, 7158
735, 7291
736, 7373
737, 7377
738, 7194
739, 7325
740, 7157
741, 7261
742, 7329
743, 7424
744, 7118
745, 7231
746, 7420
747, 7292
748, 7240
749, 7397
750, 7293
751, 7707
752, 7434
753, 7405
754, 7843
755, 7469
756, 7463
757, 7354
758, 7684
759, 7538
760, 7624
761, 7391
762, 7391
763, 7618
764, 7530
765, 7527
766, 7472
767, 7676
768, 7483
769, 7727
770, 8046
771, 7536
772, 7771
773, 8015
774, 7489
775, 7572
776, 7650
777, 7600
778, 7683
779, 7601
780, 7641
781, 7641
782, 7566
783, 7977
784, 7771
785, 7721
786, 7886
787, 7802
788, 7918
789, 7961
790, 7787
791, 9585
792, 7924
793, 7942
794, 8198
795, 8119
796, 7837
797, 7961
798, 7883
799, 7988
800, 8093
801, 8132
802, 7949
803, 7910
804, 7996
805, 8055
806, 8239
807, 8149
808, 7946
809, 8081
810, 8483
811, 7898
812, 8084
813, 7967
814, 8208
815, 8088
816, 8055
817, 8157
818, 8170
819, 8172
820, 8171
821, 8084
822, 8228
823, 8120
824, 8039
825, 8389
826, 8066
827, 8311
828, 8617
829, 8309
830, 8266
831, 8455
832, 8280
833, 8437
834, 8336
835, 8524
836, 8490
837, 8383
838, 8580
839, 8434
840, 8480
841, 8611
842, 8438
843, 8352
844, 8600
845, 8582
846, 8772
847, 8846
848, 8413
849, 8521
850, 8757
851, 8427
852, 8568
853, 8650
854, 8562
855, 8793
856, 8715
857, 8539
858, 8560
859, 8855
860, 8591
861, 8501
862, 8853
863, 9107
864, 8780
865, 8817
866, 8611
867, 8974
868, 9007
869, 8770
870, 8692
871, 8753
872, 8712
873, 8903
874, 8832
875, 8717
876, 8818
877, 8889
878, 9032
879, 8886
880, 8990
881, 26237
882, 8813
883, 8945
884, 9228
885, 9031
886, 9867
887, 8943
888, 9014
889, 8926
890, 9010
891, 9360
892, 9035
893, 9186
894, 9295
895, 9056
896, 9121
897, 9157
898, 9448
899, 9066
900, 9132
901, 9104
902, 9083
903, 9140
904, 9240
905, 9140
906, 9574
907, 9158
908, 9114
909, 9132
910, 9181
911, 9506
912, 10003
913, 9240
914, 9221
915, 9156
916, 9308
917, 9177
918, 9260
919, 9571
920, 9206
921, 9262
922, 9432
923, 9253
924, 10280
925, 12085
926, 10794
927, 9410
928, 10433
929, 9293
930, 9553
931, 9558
932, 9337
933, 9389
934, 9424
935, 9390
936, 9471
937, 9735
938, 9570
939, 9425
940, 9481
941, 9469
942, 9763
943, 9751
944, 9772
945, 9771
946, 10891
947, 9667
948, 9569
949, 9696
950, 9708
951, 9737
952, 10235
953, 9736
954, 9973
955, 9732
956, 9975
957, 9922
958, 9906
959, 10059
960, 9953
961, 10095
962, 9860
963, 9911
964, 9963
965, 9901
966, 10017
967, 10150
968, 10127
969, 10160
970, 13272
971, 10147
972, 10071
973, 10359
974, 10334
975, 10246
976, 10036
977, 10224
978, 10671
979, 10222
980, 10205
981, 10169
982, 10194
983, 10200
984, 10355
985, 10258
986, 10480
987, 10605
988, 13455
989, 10172
990, 27518
991, 10172
992, 10527
993, 10764
994, 10316
995, 10493
996, 10526
997, 10569
998, 10375
999, 10235
